.Random.seed <-
c(403L, 10L, 2053435134L, -1379283784L, 1642405531L, 545279225L, 
-1075401144L, -934950538L, -29871951L, 179496163L, 1370125234L, 
-909407228L, 788533063L, 682214941L, 258333844L, 1119620154L, 
1055467141L, -2104502433L, 1307523046L, 966195824L, 1583992211L, 
-1152566735L, 497481952L, -1767796354L, -873933815L, -631352261L, 
1139358218L, -992099860L, 574690927L, 86088101L, -2076499620L, 
160578866L, -1162730451L, 1402411751L, 842616846L, 1899946472L, 
133080043L, 2059713673L, -1476302824L, -1205217466L, 469763489L, 
1803983923L, 1001615778L, 1026466964L, -2107550953L, 1694915853L, 
1212996644L, 402975754L, -1261743755L, 1617914063L, -1232909354L, 
1629700992L, 1780094915L, -938065567L, -248870960L, -82702546L, 
-1872252199L, -1782279957L, 1775665498L, -580162788L, -1843536353L, 
1397302901L, -1853959412L, 542428898L, 40297405L, 1214682167L, 
1327412958L, -866680296L, 1155943803L, -1645083367L, 1700661672L, 
-1131020970L, -1529872943L, 358905219L, -124490734L, 15812516L, 
249151335L, -503055171L, 1413405748L, 662351770L, 346500069L, 
-1415043201L, -1670441210L, -1793548144L, 818297139L, 22236881L, 
-912425856L, -910856866L, -2054004055L, -1108284069L, 732245866L, 
1687741964L, 110407247L, 1145201413L, 2137207740L, 233293458L, 
154305933L, 1646695879L, -666753362L, 2134478600L, -1542697717L, 
-553358359L, -971174728L, 907905894L, -1468440575L, -962220397L, 
2135454018L, 91807476L, 1180134135L, -701031699L, 2114098564L, 
1245944746L, -505413355L, -1528083537L, -568757322L, -487175712L, 
2075846947L, 1324285505L, 35483952L, -914250930L, -1029584455L, 
-2096221237L, -1628231558L, 294197628L, -1503098433L, 1391486613L, 
-461062996L, 1923737218L, 220868189L, 964972887L, -939885506L, 
-1958997896L, -1271850149L, -1758943559L, 1778834184L, 182038966L, 
-1093800207L, 1617627427L, -1111393422L, 1167471044L, -1547605625L, 
-213159075L, 1463680340L, 1647062906L, -1645502779L, 1046450207L, 
320911270L, 1826679088L, -1577597997L, 2070313457L, -492445920L, 
-1063462466L, -141375031L, 1233956219L, -962610358L, -249386068L, 
-941649233L, -346156955L, 1430691868L, 221261426L, -1034579731L, 
937664807L, -394187442L, -2053710424L, -420451925L, -837131575L, 
1133740760L, -1907495034L, 1652941409L, -789947405L, 1532194402L, 
-1862469420L, 1316258263L, -950451251L, 1838106468L, -249924790L, 
-1249209675L, 927728143L, -1115913450L, -728306240L, -75854461L, 
894452641L, 161495952L, 986507374L, 915320345L, 1514966699L, 
1816728218L, -133910948L, -1136407713L, 551609653L, 2074637516L, 
-425820638L, -462442371L, -1754961545L, -147470690L, 2056987992L, 
1902421179L, 1669806681L, 48955880L, 1783501846L, -505479279L, 
-722386877L, -1674500270L, -583988252L, -747654617L, -1209750915L, 
1293726580L, 1927925594L, -1998304859L, 435971519L, -1347611066L, 
342521040L, -1375768845L, 1440454673L, 750509632L, 857059870L, 
1991900393L, -620788197L, 1766954L, -1318516404L, 1547842319L, 
-283556283L, 1765482492L, -2136021422L, 1563745229L, 1449743751L, 
786632814L, 1358661704L, -1836758453L, -1687726368L, -1799316788L, 
-2067812192L, 951622530L, 958321384L, -755993876L, 2123926588L, 
1781951090L, -1688845200L, -452870620L, -492995528L, 852789274L, 
-147211568L, 1422740540L, -552139628L, -1220977534L, -1060978752L, 
1194996028L, -2036540784L, -1697700830L, -1973271544L, -1801615220L, 
595883036L, -392663406L, -293534592L, -1573122028L, -1757471448L, 
1527967290L, 517688528L, 1536935020L, 247390900L, 793628690L, 
-918153248L, 435230668L, -355598880L, 199702050L, 52584744L, 
-1488103156L, -2013198788L, 162001138L, -693034256L, 553468740L, 
372232792L, 1179441722L, -2088272144L, 1479500988L, 1279284756L, 
1591883970L, 1003305056L, 2032342396L, -524364592L, -19866590L, 
946430632L, -1907976308L, 1347383740L, -313314254L, -1720109248L, 
-2118739788L, 500616008L, 483580602L, 553162512L, 1375707372L, 
-209353644L, 1570311954L, -442295392L, -193138740L, -1061139616L, 
-1450782526L, -1173297624L, -2080094804L, 1372102460L, 1039013746L, 
22326064L, 644624932L, -144730056L, -983391014L, -1611765360L, 
868583164L, -1237594220L, -110425278L, 1587618304L, -846849476L, 
-1467171248L, 398785186L, 1351457608L, -290192884L, 579181788L, 
-1723086254L, -1555093376L, 1771506516L, -1380279832L, 1635154682L, 
-329103536L, 18611244L, -7436940L, 1928271506L, 1897196128L, 
2067673740L, 559057760L, -1795370270L, 797507752L, 703901900L, 
268941820L, -17899598L, -66484752L, 1290405316L, -1514852520L, 
-1002775686L, -832203344L, 18594236L, 160225364L, -191927358L, 
290538272L, -91897924L, -871847344L, 321887714L, -1835347608L, 
-227590836L, 565565692L, -575474958L, 1943275264L, 90875508L, 
1971017736L, 263694778L, 1522091984L, 344046060L, -1363566700L, 
2009125586L, 1977802336L, -731056820L, 967214368L, -1873571198L, 
-2138785304L, 802072556L, 305931836L, 1000054386L, 174097264L, 
2058758436L, 1008636472L, -2016366182L, -2108466736L, 1393450428L, 
265083028L, 623099010L, -143084096L, 1233969980L, 1189991568L, 
1953092386L, 1034350088L, -1370161908L, 1783502236L, 497344018L, 
977193856L, -1226325228L, 919146792L, -1216541638L, -526148656L, 
1483469420L, 998763060L, 1117731474L, 904691040L, -1755039412L, 
1492912096L, -1831721566L, -436752984L, -477452660L, -338055748L, 
-185627022L, -1201710096L, -1521625532L, -72112040L, -1056040902L, 
-351217552L, -1739560900L, 1135663380L, 693850818L, 2095525600L, 
-1746659204L, 1832349392L, 639551906L, -1405018072L, 1794566924L, 
-1685802564L, 583447346L, -64177472L, -685489100L, 920749768L, 
1290986682L, -726776176L, -295907604L, 1792477780L, -1541889390L, 
80122144L, 1732417996L, -621833504L, 1143785666L, -1451387864L, 
535545772L, 227717820L, -1276744718L, 1666149936L, -1937565788L, 
1495850424L, -748148902L, -523566960L, 504550268L, 1883603220L, 
297658690L, 184948992L, 2015284668L, 884549968L, 747739426L, 
-701046200L, 1977976844L, -724425124L, -1617847854L, -913838592L, 
-83145388L, -1753793304L, -1837549318L, -79192368L, -2077869268L, 
-1234523916L, 1832731026L, -326793888L, 1678435340L, 530242784L, 
-1298832597L, 1421035676L, -891222326L, -432709697L, 2024688393L, 
1743021086L, 320237004L, -303380579L, -1982787033L, 1880129616L, 
-369358610L, -1357687397L, -415278083L, -1646565654L, -1890954872L, 
1125809969L, -1257459805L, -1022777436L, -1995828654L, 796199335L, 
-268280335L, 933906742L, 762380756L, 381855589L, -925132945L, 
416168360L, -169509114L, -1609520589L, 416299157L, -1563694862L, 
228266304L, -1862345047L, -2111764709L, -1365643028L, -1253044998L, 
-1791105745L, 1434206521L, 794059598L, -776832612L, -512290035L, 
-1356688009L, -354999936L, 1065809886L, -2019250005L, -218877011L, 
-2135394278L, 1498980056L, -398610623L, 1483444211L, -615656940L, 
-597197918L, 1349788855L, 1686457985L, 1153980038L, 2013859524L, 
540979189L, -1170901409L, 1019449528L, 1312159126L, -1278019677L, 
844594021L, -1700767102L, -622405648L, -2013466215L, -1133142133L, 
886921852L, -1479554902L, 1684646623L, -138717079L, 880628350L, 
222521964L, -935450947L, 698948487L, -625848464L, -173951474L, 
1618193211L, -243484643L, -82853686L, -525804568L, 3016913L, 
490656963L, 703409092L, -1612165006L, -1530912441L, 672386321L, 
3807382L, 1430584820L, 414363525L, -171004209L, -1354355768L, 
-260707738L, -1544194925L, -902874123L, -1072333358L, -2128933344L, 
-1430228983L, 2014864699L, -1819809652L, 420341018L, 645254031L, 
2041345241L, -408618130L, 1652816636L, 162973805L, -367475689L, 
-1678559776L, -1925602882L, 2005170059L, -1055590387L, -1774751686L, 
791994488L, 2030890017L, 768904915L, 1929596404L, -236179838L, 
-1515705577L, -1919399455L, 607885094L, 1969734180L, 919483605L, 
2073191551L, -897054440L, 699422774L, -1955639613L, 290022149L, 
-1417132382L, -518978416L, -634440647L, 1194847467L, 934399452L, 
1151284234L, 788996863L, -1529611447L, -64646946L, 473190028L, 
-265295267L, 1450895463L, -535792240L, 2107561390L, 539619419L, 
-532121539L, -1738088790L, 45673288L, -593445007L, -329479965L, 
-2134446108L, 1676257042L, -57574681L, 1510087857L, 1702792950L, 
